Memory Summary:
Number of Weights:,1809
Weights Size (KB):,2628
==================================================================

Profiling Info for Benchmark Initialization:
============================== Run Order ==============================
node type, start, first, avg_ms, %, cdf%, mem KB, times called, name
AllocateTensors, 0, 0.066, 0.066, 100%, 100%, 0, 1, AllocateTensors/0

============================== Top by Computation Time ==============================
node type, start, first, avg_ms, %, cdf%, mem KB, times called, name
AllocateTensors, 0, 0.066, 0.066, 100%, 100%, 0, 1, AllocateTensors/0

Number of nodes executed: 1
============================== Summary by node type ==============================
node type, count, avg_ms, avg %, cdf %, mem KB, times called
AllocateTensors, 1, 0.066, 100%, 100%, 0, 1

Timings (microseconds): count=1 curr=66
Memory (bytes): count=0
1 nodes observed


Operator-wise Profiling Info for Regular Benchmark Runs:
============================== Run Order ==============================
node type, start, first, avg_ms, %, cdf%, mem KB, times called, name
EXPAND_DIMS, 0, 0.001, 0.000126813, 0.368353%, 0.368353%, 0, 1, [vehicle_cnn/conv_1/conv1d/ExpandDims]:0
CONV_2D, 0.000178677, 0.006, 0.00572721, 16.6358%, 17.0042%, 0, 1, [vehicle_cnn/conv_1/conv1d2]:1
SQUEEZE, 0.00596412, 0, 0.000186298, 0.541139%, 17.5453%, 0, 1, [vehicle_cnn/conv_1/conv1d/Squeeze]:2
ADD, 0.00620302, 0.002, 0.0011607, 3.37148%, 20.9168%, 0, 1, [vehicle_cnn/conv_1/BiasAdd]:3
RELU, 0.00741173, 0, 0.000359278, 1.04359%, 21.9604%, 0, 1, [vehicle_cnn/conv_1/Relu]:4
EXPAND_DIMS, 0.00781614, 0, 0.000174386, 0.506539%, 22.4669%, 0, 1, [vehicle_cnn/max_pool_1/ExpandDims]:5
MAX_POOL_2D, 0.00804143, 0.004, 0.0033447, 9.71535%, 32.1823%, 0, 1, [vehicle_cnn/max_pool_1/MaxPool]:6
SQUEEZE, 0.0114343, 0, 0.000132436, 0.384686%, 32.567%, 0, 1, [vehicle_cnn/max_pool_1/Squeeze]:7
EXPAND_DIMS, 0.0116142, 0, 0.000147455, 0.428312%, 32.9953%, 0, 1, [vehicle_cnn/conv_2/conv1d/ExpandDims]:8
CONV_2D, 0.011807, 0.012, 0.0122066, 35.4566%, 68.4519%, 0, 1, [vehicle_cnn/conv_2/conv1d2]:9
SQUEEZE, 0.0240638, 0, 0.000211527, 0.614422%, 69.0663%, 0, 1, [vehicle_cnn/conv_2/conv1d/Squeeze]:10
ADD, 0.0243253, 0.001, 0.000809041, 2.35002%, 71.4164%, 0, 1, [vehicle_cnn/conv_2/BiasAdd]:11
RELU, 0.0251793, 0, 0.000331607, 0.963218%, 72.3796%, 0, 1, [vehicle_cnn/conv_2/Relu]:12
EXPAND_DIMS, 0.0255581, 0.001, 0.000178011, 0.517069%, 72.8966%, 0, 1, [vehicle_cnn/max_pool_2/ExpandDims]:13
MAX_POOL_2D, 0.0257828, 0.001, 0.00188813, 5.48446%, 78.3811%, 0, 1, [vehicle_cnn/max_pool_2/MaxPool]:14
SQUEEZE, 0.0277233, 0, 0.000128514, 0.373296%, 78.7544%, 0, 1, [vehicle_cnn/max_pool_2/Squeeze]:15
REDUCE_MAX, 0.0278978, 0.006, 0.00681267, 19.7887%, 98.5431%, 0, 1, [vehicle_cnn/global_max/Max]:16
FULLY_CONNECTED, 0.0347645, 0.001, 0.000289657, 0.841366%, 99.3845%, 0, 1, [vehicle_cnn/fully_connected_output/BiasAdd]:17
LOGISTIC, 0.0351031, 0, 0.000211897, 0.615497%, 100%, 0, 1, [Identity]:18

============================== Top by Computation Time ==============================
node type, start, first, avg_ms, %, cdf%, mem KB, times called, name
CONV_2D, 0.011807, 0.012, 0.0122066, 35.4566%, 35.4566%, 0, 1, [vehicle_cnn/conv_2/conv1d2]:9
REDUCE_MAX, 0.0278978, 0.006, 0.00681267, 19.7887%, 55.2454%, 0, 1, [vehicle_cnn/global_max/Max]:16
CONV_2D, 0.000178677, 0.006, 0.00572721, 16.6358%, 71.8812%, 0, 1, [vehicle_cnn/conv_1/conv1d2]:1
MAX_POOL_2D, 0.00804143, 0.004, 0.0033447, 9.71535%, 81.5965%, 0, 1, [vehicle_cnn/max_pool_1/MaxPool]:6
MAX_POOL_2D, 0.0257828, 0.001, 0.00188813, 5.48446%, 87.081%, 0, 1, [vehicle_cnn/max_pool_2/MaxPool]:14
ADD, 0.00620302, 0.002, 0.0011607, 3.37148%, 90.4525%, 0, 1, [vehicle_cnn/conv_1/BiasAdd]:3
ADD, 0.0243253, 0.001, 0.000809041, 2.35002%, 92.8025%, 0, 1, [vehicle_cnn/conv_2/BiasAdd]:11
RELU, 0.00741173, 0, 0.000359278, 1.04359%, 93.8461%, 0, 1, [vehicle_cnn/conv_1/Relu]:4
RELU, 0.0251793, 0, 0.000331607, 0.963218%, 94.8093%, 0, 1, [vehicle_cnn/conv_2/Relu]:12
FULLY_CONNECTED, 0.0347645, 0.001, 0.000289657, 0.841366%, 95.6507%, 0, 1, [vehicle_cnn/fully_connected_output/BiasAdd]:17

Number of nodes executed: 19
============================== Summary by node type ==============================
node type, count, avg_ms, avg %, cdf %, mem KB, times called
CONV_2D, 2, 0.017, 60.7143%, 60.7143%, 0, 2
REDUCE_MAX, 1, 0.006, 21.4286%, 82.1429%, 0, 1
MAX_POOL_2D, 2, 0.004, 14.2857%, 96.4286%, 0, 2
ADD, 2, 0.001, 3.57143%, 100%, 0, 2
SQUEEZE, 4, 0, 0%, 100%, 0, 4
RELU, 2, 0, 0%, 100%, 0, 2
LOGISTIC, 1, 0, 0%, 100%, 0, 1
FULLY_CONNECTED, 1, 0, 0%, 100%, 0, 1
EXPAND_DIMS, 4, 0, 0%, 100%, 0, 4

Timings (microseconds): count=13516 first=35 curr=33 min=29 max=564 avg=34.427 std=8
Memory (bytes): count=0
19 nodes observed


